2 641
2 6
2 10
2 395
2 780
2 141
2 399
2 19
2 532
2 160
2 427
2 300
2 685
2 689
2 650
2 703
2 322
2 708
2 336
2 504
2 476
2 741
2 737
2 101
2 103
2 360
2 364
2 238
2 239
2 241
2 632
2 761
2 762
2 127
2 125
2 383
3 738
3 579
3 118
3 326
3 136
3 73
3 13
3 78
3 559
3 142
3 54
3 759
3 527
3 61
3 293
4 288
4 195
4 325
4 742
4 263
4 136
4 76
4 519
4 236
4 494
4 463
4 531
4 629
4 86
4 760
4 601
4 666
4 571
4 446
4 255
5 772
5 193
5 13
5 527
5 144
5 276
5 278
5 536
5 411
5 285
5 416
5 539
5 679
5 46
5 559
5 304
5 91
5 696
5 443
5 288
5 175
5 712
5 718
5 335
5 719
5 605
5 734
5 225
5 743
5 364
5 117
5 380
5 639
6 257
6 683
6 395
6 780
6 141
6 399
6 145
6 18
6 771
6 157
6 415
6 160
6 689
6 427
6 300
6 687
6 49
6 59
6 574
6 63
6 708
6 583
6 457
6 241
6 592
6 468
6 89
6 606
6 226
6 102
6 103
6 490
6 491
6 364
6 112
6 625
6 117
7 491
7 518
7 522
7 533
7 141
7 528
7 530
7 788
7 789
7 155
7 30
7 296
7 553
7 176
7 562
7 310
7 312
7 57
7 445
7 394
7 203
7 333
7 89
7 349
7 607
7 363
7 620
7 242
7 277
8 418
8 515
8 36
8 453
8 582
8 296
8 491
8 219
8 525
8 634
8 656
8 49
8 662
8 633
8 152
8 292
8 770
8 603
8 156
8 733
8 606
9 386
9 271
9 537
9 27
9 30
9 31
9 677
9 551
9 304
9 561
9 692
9 694
9 65
9 74
9 719
9 721
9 471
9 91
9 738
9 494
9 495
9 369
9 629
9 631
9 122
9 380
9 381
10 641
10 773
10 774
10 652
10 399
10 657
10 18
10 19
10 112
10 294
10 295
10 300
10 685
10 179
10 223
10 703
10 192
10 454
10 332
10 208
10 597
10 476
10 506
10 350
10 101
10 227
10 741
10 102
10 658
10 368
10 632
10 762
11 368
11 418
11 611
11 484
11 197
11 486
11 296
11 650
11 172
11 367
11 592
11 532
11 312
11 345
11 667
11 60
11 509
11 126
12 384
12 516
12 517
12 393
12 139
12 530
12 405
12 669
12 688
12 418
12 423
12 426
12 176
12 562
12 437
12 440
12 444
12 448
12 708
12 711
12 585
12 330
12 460
12 340
12 349
12 356
12 230
12 488
12 745
12 746
12 232
12 754
12 248
12 251
12 661
13 527
13 144
13 531
13 660
13 278
13 416
13 680
13 559
13 54
13 315
13 193
13 579
13 74
13 720
13 468
13 738
13 743
13 496
13 116
13 759
14 325
14 551
14 140
14 714
14 231
14 716
14 559
14 276
14 250
14 573
14 261
15 770
15 107
15 644
15 662
15 134
15 65
15 392
15 271
15 533
15 150
15 152
15 28
15 418
15 425
15 775
15 428
15 321
15 560
15 572
15 577
15 67
15 585
15 463
15 84
15 598
15 349
15 606
15 95
15 105
15 235
15 500
15 630
15 632
15 633
15 635
17 776
17 138
17 525
17 784
17 279
17 281
17 282
17 31
17 32
17 37
17 170
17 684
17 310
17 183
17 318
17 63
17 72
17 588
17 206
17 207
17 462
17 217
17 79
17 732
17 242
17 371
17 252
18 257
18 642
18 515
18 773
18 652
18 658
18 403
18 277
18 408
18 774
18 159
18 33
18 549
18 294
18 295
18 685
18 309
18 314
18 192
18 194
18 454
18 584
18 202
18 331
18 582
18 82
18 83
18 724
18 345
18 476
18 762
18 350
18 223
18 747
18 110
18 506
19 256
19 641
19 773
19 774
19 422
19 395
19 322
19 272
19 657
19 658
19 534
19 157
19 294
19 295
19 300
19 685
19 48
19 690
19 138
19 442
19 60
19 701
19 194
19 650
19 584
19 329
19 525
19 336
19 217
19 350
19 223
19 737
19 483
19 101
19 230
19 487
19 360
19 208
19 238
19 239
19 112
19 761
19 102
19 511
20 785
20 519
20 717
20 145
20 150
20 279
20 59
21 688
21 546
21 357
21 423
21 616
21 119
21 578
21 334
21 109
21 624
21 424
21 306
21 627
21 430
21 85
21 215
21 57
21 188
21 661
22 368
22 322
22 484
22 230
22 486
22 745
22 650
22 332
22 110
22 783
22 112
22 435
22 532
22 597
22 214
22 632
22 345
22 730
22 399
22 543
23 256
23 513
23 388
23 395
23 153
23 538
23 668
23 422
23 295
23 71
23 557
23 200
23 690
23 307
23 442
23 60
23 582
23 583
23 584
23 459
23 590
23 597
23 342
23 608
23 484
23 487
23 618
23 238
23 504
23 377
23 490
24 514
24 771
24 261
24 270
24 784
24 145
24 659
24 277
24 284
24 672
24 165
24 166
24 425
24 170
24 556
24 429
24 46
24 50
24 564
24 183
24 320
24 578
24 70
24 72
24 716
24 202
24 588
24 717
24 401
24 467
24 213
24 88
24 730
24 732
24 37
24 615
24 617
24 236
24 111
25 769
25 611
25 452
25 518
25 646
25 776
25 268
25 366
25 756
25 57
25 502
25 567
25 665
25 700
26 708
27 512
27 386
27 86
27 136
27 778
27 271
27 272
27 276
27 149
27 407
27 29
27 416
27 677
27 649
27 137
27 56
27 443
27 61
27 324
27 326
27 711
27 73
27 74
27 587
27 78
27 696
27 339
27 726
27 87
27 601
27 479
27 144
27 293
27 742
27 233
27 749
27 494
27 369
27 503
27 639
28 517
28 262
28 409
28 544
28 169
28 428
28 301
28 314
28 702
28 321
28 194
28 196
28 709
28 203
28 593
28 84
28 218
28 349
28 721
28 745
28 743
28 500
28 361
29 770
29 391
29 520
29 137
29 130
29 759
29 276
29 535
29 541
29 581
29 32
29 290
29 547
29 421
29 298
29 135
29 685
29 47
29 264
29 265
29 698
29 187
29 411
29 445
29 67
29 69
29 75
29 593
29 339
29 84
29 472
29 219
29 221
29 354
29 227
29 100
29 114
29 359
29 360
29 762
29 625
29 498
29 503
29 122
29 379
29 381
30 518
30 137
30 778
30 398
30 479
30 154
30 265
30 31
30 676
30 677
30 556
30 176
30 561
30 172
30 694
30 183
30 527
30 266
30 187
30 573
30 65
30 450
30 718
30 719
30 81
30 600
30 346
30 219
30 250
30 607
30 612
30 229
30 614
30 721
30 107
30 364
30 495
30 116
30 118
30 122
30 255
31 512
31 137
31 398
31 527
31 784
31 280
31 281
31 418
31 420
31 302
31 310
31 183
31 187
31 573
31 318
31 64
31 199
31 587
31 588
31 718
31 79
31 464
31 81
31 340
31 206
31 217
31 347
31 480
31 104
31 105
31 107
31 364
31 117
31 631
31 250
31 252
32 770
32 775
32 520
32 777
32 130
32 173
32 276
32 661
32 534
32 535
32 411
32 525
32 541
32 418
32 675
32 421
32 682
32 391
32 45
32 174
32 47
32 48
32 264
32 437
32 310
32 183
32 445
32 67
32 758
32 75
32 135
32 462
32 79
32 464
32 593
32 547
32 84
32 206
32 474
32 219
32 732
32 221
32 227
32 100
32 273
32 362
32 487
32 109
32 381
32 498
32 371
32 629
32 630
32 503
32 122
32 554
33 259
33 70
33 668
33 170
33 555
33 717
33 141
33 504
33 692
33 342
33 119
33 216
33 378
33 363
33 284
33 280
33 319
34 315
34 772
34 629
34 335
35 134
35 266
35 782
35 403
35 276
35 534
35 541
35 547
35 262
35 682
35 429
35 302
35 696
35 587
35 716
35 270
35 600
35 89
35 609
35 104
35 237
35 370
35 511
36 97
36 579
36 453
36 326
36 519
36 236
36 588
36 195
36 694
36 582
36 446
36 229
37 514
37 655
37 148
37 282
37 292
37 170
37 684
37 429
37 183
37 446
37 577
37 581
37 588
37 717
37 602
37 358
37 236
37 237
37 111
37 244
37 248
37 633
38 266
38 270
38 144
38 284
38 671
38 426
38 429
38 46
38 52
38 694
38 700
38 318
38 67
38 196
38 70
38 80
38 81
38 732
38 104
38 237
38 627
38 374
38 248
38 121
38 508
40 566
40 551
40 556
40 175
40 276
40 726
40 536
40 281
40 666
40 187
40 253
40 734
41 448
41 434
41 85
41 423
42 516
42 134
42 393
42 45
42 530
42 788
42 533
42 161
42 423
42 426
42 176
42 301
42 733
42 688
42 562
42 186
42 704
42 711
42 716
42 206
42 596
42 349
42 735
42 608
42 360
42 626
42 502
42 637
43 61
43 459
43 549
43 712
43 335
43 664
43 171
43 765
43 114
43 750
43 527
43 304
43 619
43 370
43 211
43 629
43 424
43 630
43 313
43 635
43 541
45 682
45 266
45 655
45 273
45 281
45 175
45 284
45 474
45 671
45 161
45 547
45 169
45 429
45 47
45 699
45 63
45 704
45 70
45 711
45 330
45 75
45 588
45 334
45 412
45 603
45 358
45 487
45 104
45 253
45 121
45 426
46 772
46 646
46 784
46 145
46 659
46 283
46 284
46 261
46 672
46 418
46 167
46 173
46 712
46 50
46 52
46 318
46 67
46 196
46 581
46 70
46 72
46 589
46 335
46 81
46 467
46 213
46 732
46 401
46 621
46 111
46 248
46 250
46 380
47 384
47 257
47 770
47 134
47 135
47 393
47 789
47 411
47 158
47 688
47 547
47 423
47 682
47 430
47 560
47 56
47 444
47 637
47 100
47 75
47 464
47 593
47 89
47 221
47 357
47 355
47 740
47 230
47 614
47 487
47 488
47 489
47 110
47 751
47 498
47 121
47 122
47 379
47 426
48 775
48 777
48 138
48 272
48 291
48 554
48 683
48 429
48 310
48 183
48 59
48 70
48 206
48 217
48 351
48 358
48 362
48 647
48 507
48 253
49 770
49 771
49 261
49 398
49 145
49 662
49 546
49 678
49 428
49 563
49 564
49 567
49 445
49 461
49 221
49 606
49 491
49 501
49 758
49 120
50 261
50 266
50 784
50 145
50 284
50 672
50 70
50 72
50 80
50 81
50 467
50 213
50 215
50 603
50 732
50 401
50 619
50 245
50 633
50 253
50 510
52 196
52 401
52 684
52 173
52 111
52 177
52 374
52 79
52 732
52 63
53 78
53 631
54 384
54 263
54 777
54 782
54 527
54 785
54 402
54 147
54 283
54 670
54 293
54 166
54 553
54 302
54 559
54 56
54 570
54 187
54 188
54 193
54 579
54 196
54 713
54 330
54 119
54 94
54 480
54 97
54 738
54 361
54 496
54 759
54 122
55 481
55 515
55 68
55 613
55 776
55 141
55 590
55 365
55 773
55 185
55 410
55 415
56 384
56 782
56 670
56 283
56 166
56 553
56 570
56 443
56 196
56 713
56 330
56 398
56 344
56 94
56 479
56 480
56 740
56 488
56 361
56 751
56 116
56 119
56 121
56 250
56 123
57 769
57 517
57 518
57 396
57 528
57 789
57 541
57 164
57 549
57 169
57 170
57 431
57 562
57 563
57 312
57 500
57 188
57 445
57 262
57 452
57 709
57 268
57 74
57 203
57 610
57 594
57 83
57 85
57 726
57 218
57 98
57 611
57 616
57 620
57 497
57 756
57 502
57 509
57 277
58 524
59 133
59 775
59 145
59 150
59 279
59 167
59 683
59 429
59 571
59 63
59 65
59 717
59 89
59 351
59 785
59 491
59 630
59 633
59 252
60 256
60 388
60 773
60 650
60 534
60 667
60 668
60 422
60 295
60 680
60 687
60 185
60 442
60 701
60 702
60 395
60 582
60 583
60 584
60 331
60 481
60 228
60 741
60 102
60 487
60 238
60 504
60 126
60 127
61 512
61 389
61 397
61 271
61 275
61 149
61 407
61 676
61 171
61 114
61 304
61 324
61 326
61 73
61 77
61 78
61 79
61 466
61 339
61 527
61 95
61 131
61 742
61 785
61 749
61 369
61 370
61 211
61 629
61 639
62 353
62 135
62 713
62 371
62 308
62 447
63 771
63 133
63 266
63 525
63 401
63 273
63 542
63 167
63 683
63 684
63 175
63 691
63 310
63 568
63 462
63 79
63 334
63 89
63 603
63 732
63 606
63 358
63 145
63 746
63 491
63 371
63 119
63 252
63 253
63 510
64 512
64 518
64 520
64 137
64 651
64 525
64 404
64 155
64 90
64 161
64 539
64 296
64 558
64 438
64 704
64 694
64 460
64 339
64 346
64 105
64 366
64 495
64 240
64 631
64 660
64 763
65 193
65 539
65 644
65 721
65 499
65 271
65 712
65 402
65 291
65 181
65 694
65 495
65 633
66 641
66 523
66 269
66 277
66 413
66 160
66 297
66 199
66 304
66 179
66 692
66 309
66 695
66 312
66 319
66 583
66 585
66 202
66 459
66 593
66 597
66 476
66 608
66 609
66 613
66 487
66 490
66 110
66 761
66 764
67 770
67 235
67 135
67 264
67 265
67 663
67 130
67 782
67 145
67 107
67 279
67 282
67 283
67 538
67 414
67 418
67 411
67 292
67 421
67 168
67 554
67 428
67 520
67 308
67 318
67 581
67 72
67 593
67 84
67 215
67 221
67 227
67 358
67 81
67 360
67 359
67 237
67 625
67 498
67 248
67 122
67 635
67 124
67 170
67 254
68 550
68 209
68 403
68 755
68 223
69 292
69 261
69 646
69 265
69 621
69 541
69 402
69 339
69 279
69 187
69 254
69 211
70 259
70 261
70 646
70 266
70 270
70 429
70 272
70 145
70 659
70 280
70 284
70 670
70 671
70 672
70 167
70 170
70 684
70 177
70 445
70 197
70 72
70 119
70 717
70 467
70 213
70 216
70 732
70 784
70 358
70 401
70 104
70 363
70 434
70 245
70 247
70 121
70 507
71 354
71 583
71 522
71 493
71 112
71 342
71 504
71 345
71 762
71 667
71 765
71 319
72 261
72 646
72 397
72 784
72 145
72 659
72 789
72 401
72 283
72 284
72 672
72 424
72 318
72 196
72 207
72 81
72 467
72 213
72 728
72 732
72 363
72 237
72 248
72 250
72 252
73 326
73 136
73 74
73 748
73 271
73 144
73 87
73 696
73 601
74 518
74 391
74 136
74 271
74 531
74 278
74 537
74 541
74 416
74 293
74 551
74 170
74 563
74 564
74 450
74 468
74 726
74 87
74 738
74 99
74 364
74 494
74 497
74 500
74 629
74 631
74 380
74 381
75 523
75 534
75 535
75 411
75 157
75 667
75 164
75 682
75 307
75 692
75 309
75 442
75 445
75 574
75 191
75 200
75 590
75 464
75 593
75 93
75 355
75 100
75 741
75 487
75 747
75 629
75 758
75 703
75 765
75 383
76 386
76 389
76 778
76 147
76 660
76 663
76 285
76 288
76 420
76 299
76 697
76 315
76 707
76 720
76 659
76 734
76 742
76 492
76 749
76 494
76 499
76 123
76 255
77 290
77 195
77 389
77 233
77 587
77 370
77 718
77 749
77 785
77 210
77 759
77 527
77 511
78 512
78 389
78 142
78 271
78 785
78 275
78 407
78 677
78 679
78 437
78 579
78 326
78 203
78 334
78 339
78 344
78 527
78 224
78 358
78 742
78 749
78 753
78 370
78 372
78 118
78 639
79 131
79 644
79 773
79 266
79 525
79 655
79 784
79 273
79 397
79 281
79 541
79 781
79 684
79 175
79 261
79 310
79 183
79 318
79 453
79 588
79 206
79 463
79 401
79 466
79 462
79 217
79 603
79 732
79 95
79 358
79 104
79 362
79 371
79 503
79 252
79 253
79 510
80 259
80 138
80 655
80 272
80 657
80 281
80 672
80 291
80 679
80 170
80 685
80 694
80 568
80 266
80 210
80 213
80 98
80 636
80 372
80 121
80 507
80 508
80 253
81 133
81 646
81 265
81 145
81 283
81 414
81 420
81 170
81 172
81 318
81 215
81 346
81 219
81 607
81 612
81 229
81 362
81 619
81 620
81 248
82 773
82 652
82 540
82 543
82 582
82 297
82 178
82 435
82 569
82 314
82 703
82 449
82 198
82 584
82 459
82 336
82 593
82 475
82 607
82 609
82 490
82 658
82 506
82 764
82 765
83 385
83 610
83 164
83 549
83 262
83 200
83 105
83 490
83 620
83 226
83 304
83 297
83 396
83 223
83 476
83 413
83 319
84 770
84 391
84 520
84 130
84 535
84 538
84 411
84 414
84 546
84 155
84 421
84 135
84 172
84 301
84 221
84 688
84 567
84 314
84 445
84 321
84 581
84 460
84 593
84 343
84 731
84 349
84 227
84 360
84 239
84 498
84 500
84 501
84 122
84 381
85 517
85 657
85 277
85 409
85 423
85 754
85 303
85 560
85 184
85 188
85 578
85 709
85 203
85 334
85 464
85 596
85 484
85 616
85 745
85 360
85 626
85 500
85 246
85 763
86 515
86 391
86 136
86 265
86 146
86 403
86 276
86 789
86 536
86 416
86 293
86 299
86 288
86 463
86 219
86 479
86 742
86 748
86 531
86 116
86 757
86 247
86 121
86 510
86 511
87 225
87 315
87 292
87 678
87 263
87 136
87 334
87 144
87 402
87 451
87 601
87 217
87 522
87 211
88 771
88 270
88 143
88 662
88 292
88 166
88 167
88 425
88 684
88 429
88 243
88 564
88 318
88 320
88 579
88 216
88 345
88 224
88 483
88 485
88 617
88 619
88 236
88 499
88 105
88 633
89 384
89 491
89 133
89 393
89 785
89 403
89 276
89 789
89 534
89 541
89 688
89 134
89 423
89 682
89 391
89 560
89 444
89 577
89 720
89 547
89 606
89 735
89 354
89 355
89 167
89 370
89 118
89 121
89 637
89 255
90 704
90 518
90 520
90 137
90 394
90 651
90 268
90 404
90 533
90 155
90 412
90 161
90 476
90 431
90 562
90 441
90 445
90 321
90 452
90 469
90 604
90 481
90 610
90 746
90 235
90 109
90 366
90 498
90 245
90 788
90 251
90 124
90 381
90 126
91 416
91 225
91 443
91 555
91 288
91 142
91 175
91 144
91 561
91 275
91 276
91 118
91 495
91 160
91 411
91 694
91 734
91 639
93 160
93 226
93 555
93 708
93 453
93 103
93 298
93 110
93 655
93 208
93 593
93 775
93 441
93 762
93 765
94 384
94 775
94 782
94 143
94 272
94 145
94 283
94 670
94 544
94 166
94 679
94 553
94 429
94 570
94 196
94 713
94 330
94 715
94 205
94 206
94 224
94 612
94 678
94 361
94 243
94 630
94 119
94 253
95 138
95 397
95 270
95 400
95 789
95 150
95 152
95 461
95 552
95 242
95 565
95 589
95 463
95 466
95 472
95 604
95 221
95 606
95 362
95 235
95 370
95 405
96 440
96 753
96 135
97 386
97 777
97 779
97 664
97 537
97 666
97 677
97 551
97 171
97 694
97 187
97 446
97 757
97 451
97 199
97 586
97 335
97 471
97 229
97 746
97 236
97 495
97 629
97 631
98 130
98 262
98 528
98 151
98 412
98 669
98 544
98 134
98 431
98 563
98 308
98 694
98 312
98 457
98 226
98 356
98 616
98 373
98 508
98 509
99 518
99 392
99 175
99 541
99 671
99 170
99 684
99 559
99 177
99 564
99 193
99 712
99 589
99 726
99 471
99 600
99 736
99 233
99 364
99 749
99 367
99 497
99 372
100 392
100 134
100 391
100 264
100 130
100 276
100 534
100 535
100 539
100 547
100 682
100 135
100 520
100 445
100 464
100 593
100 219
100 221
100 354
100 355
100 487
100 360
100 359
100 629
100 758
100 541
100 554
101 385
101 783
101 657
101 403
101 405
101 538
101 156
101 294
101 557
101 178
101 692
101 441
101 703
101 459
101 208
101 597
101 399
101 476
101 350
101 223
101 741
101 102
101 618
101 112
101 625
101 632
102 642
102 645
102 395
102 657
102 658
102 532
102 410
102 667
102 668
102 159
102 419
102 774
102 294
102 295
102 223
102 687
102 543
102 701
102 190
102 319
102 322
102 582
102 583
102 331
102 332
102 208
102 650
102 350
102 741
102 745
102 112
102 246
102 504
102 377
102 506
102 126
102 127
103 515
103 395
103 780
103 141
103 526
103 655
103 533
103 534
103 160
103 164
103 170
103 427
103 300
103 689
103 191
103 458
103 459
103 593
103 399
103 609
103 227
103 491
103 364
103 241
103 242
103 117
104 129
104 644
104 266
104 270
104 655
104 661
104 281
104 284
104 671
104 174
104 310
104 588
104 206
104 334
104 429
104 358
104 237
104 121
104 252
105 512
105 133
105 137
105 404
105 413
105 292
105 579
105 199
105 585
105 339
105 215
105 216
105 346
105 219
105 606
105 612
105 107
105 620
106 408
106 625
106 484
106 590
107 137
107 398
107 662
107 152
107 347
107 308
107 187
107 585
107 718
107 464
107 340
107 527
107 606
107 699
107 364
107 751
107 501
107 631
107 250
108 680
108 433
108 204
108 189
108 734
109 546
109 630
109 167
109 684
109 562
109 310
109 183
109 188
109 286
109 671
110 257
110 650
110 523
110 652
110 194
110 654
110 301
110 543
110 368
110 423
110 685
110 569
110 186
110 444
110 454
110 202
110 332
110 593
110 121
110 608
110 230
110 486
110 745
110 490
110 637
110 112
110 489
110 377
110 762
110 322
111 514
111 261
111 386
111 398
111 273
111 286
111 671
111 679
111 554
111 684
111 429
111 183
111 188
111 581
111 713
111 588
111 589
111 717
111 595
111 351
111 229
111 485
111 743
111 167
111 236
111 621
111 240
111 254
111 249
111 250
111 170
111 382
112 256
112 641
112 642
112 773
112 385
112 486
112 523
112 268
112 194
112 654
112 399
112 658
112 788
112 405
112 408
112 538
112 415
112 774
112 294
112 625
112 583
112 257
112 557
112 687
112 308
112 185
112 543
112 650
112 574
112 322
112 331
112 532
112 457
112 459
112 332
112 208
112 468
112 395
112 223
112 737
112 487
112 745
112 618
112 493
112 765
112 241
112 246
112 592
112 377
112 762
112 490
114 324
114 195
114 503
114 136
114 171
114 750
114 304
114 785
114 370
114 275
114 629
114 619
114 313
114 601
115 354
115 434
115 490
115 527
116 496
116 443
116 677
116 743
116 778
116 748
116 398
116 527
116 144
116 600
116 499
116 660
116 510
116 121
116 315
117 778
117 395
117 780
117 141
117 527
117 285
117 300
117 304
117 689
117 576
117 203
117 718
117 340
117 471
117 399
117 605
117 364
117 241
117 631
117 639
118 142
118 785
118 275
118 279
118 293
118 560
118 561
118 696
118 573
118 451
118 720
118 721
118 471
118 600
118 237
118 495
118 753
119 384
119 363
119 261
119 265
119 782
119 259
119 279
119 280
119 283
119 284
119 670
119 292
119 678
119 679
119 553
119 170
119 683
119 570
119 196
119 453
119 713
119 330
119 715
119 717
119 205
119 466
119 467
119 215
119 216
119 166
119 361
119 619
119 621
119 624
119 254
119 252
119 682
119 510
120 321
120 738
120 707
120 261
120 520
120 567
120 428
120 207
120 564
120 247
120 218
120 287
121 257
121 644
121 777
121 266
121 270
121 429
121 284
121 671
121 672
121 291
121 423
121 688
121 186
121 444
121 586
121 210
121 655
121 740
121 230
121 358
121 237
121 507
121 637
121 510
122 770
122 391
122 520
122 535
122 144
122 276
122 663
122 539
122 421
122 135
122 302
122 175
122 264
122 187
122 411
122 445
122 416
122 450
122 581
122 631
122 288
122 593
122 719
122 221
122 480
122 225
122 227
122 612
122 360
122 381
122 625
122 498
122 759
122 443
122 639
123 512
123 386
123 263
123 264
123 398
123 149
123 282
123 547
123 299
123 567
123 313
123 443
123 700
123 323
123 721
123 725
123 344
123 480
123 619
123 494
123 758
124 770
124 321
124 520
124 398
124 788
124 533
124 665
124 426
124 563
124 501
124 577
124 452
124 461
124 205
124 338
124 612
124 229
124 746
124 594
124 245
124 502
124 251
124 381
125 641
125 648
125 307
125 266
125 396
125 653
125 400
125 529
125 164
125 172
125 179
125 309
125 442
125 446
125 565
125 454
125 590
125 212
125 227
125 359
125 232
125 758
125 761
125 762
125 191
125 126
125 383
126 650
126 532
126 534
126 367
126 159
126 544
126 419
126 678
126 509
126 168
126 555
126 690
126 179
126 441
126 415
126 574
126 194
126 395
126 329
126 592
126 338
126 724
126 345
126 730
126 607
126 208
126 484
126 487
126 489
126 238
126 623
126 368
126 759
126 506
126 383
127 648
127 780
127 532
127 405
127 410
127 667
127 419
127 165
127 427
127 557
127 687
127 435
127 692
127 569
127 701
127 190
127 319
127 449
127 322
127 583
127 584
127 722
127 723
127 724
127 597
127 697
127 730
127 223
127 481
127 238
127 504
127 468
127 191
127 469
128 681
128 274
128 436
128 348
129 672
129 514
129 644
129 617
129 138
129 143
129 210
129 393
129 507
129 586
129 670
129 671
130 769
130 387
130 262
130 577
130 428
130 535
130 152
130 415
130 418
130 554
130 391
130 172
130 431
130 563
130 445
130 702
130 544
130 324
130 502
130 593
130 355
130 356
130 219
130 135
130 221
130 227
130 360
130 498
130 758
130 379
130 381
131 578
131 633
131 684
131 525
131 466
131 306
131 691
131 158
131 374
131 697
131 397
131 409
131 602
131 507
131 638
132 672
132 675
132 293
132 636
132 748
132 589
132 558
132 147
132 470
132 444
132 285
133 491
133 262
133 172
133 266
133 268
133 659
133 721
133 167
133 428
133 173
133 446
133 709
133 725
133 604
133 606
133 611
133 612
133 614
133 743
133 235
133 500
133 503
133 636
134 515
134 518
134 776
134 354
134 530
134 403
134 276
134 533
134 534
134 151
134 541
134 158
134 421
134 682
134 520
134 438
134 570
134 317
134 455
134 356
134 205
134 547
134 596
134 598
134 219
134 735
134 357
134 359
134 497
134 370
134 502
134 340
134 379
134 264
134 426
135 669
135 772
135 391
135 520
135 265
135 770
135 535
135 538
135 411
135 547
135 421
135 168
135 554
135 498
135 264
135 445
135 581
135 585
135 462
135 593
135 356
135 221
135 227
135 487
135 360
135 236
135 625
135 754
135 245
135 248
135 252
135 381
135 767
136 416
136 278
136 391
136 146
136 144
136 760
136 195
136 696
136 601
136 778
136 293
137 512
137 518
137 398
137 527
137 290
137 443
137 323
137 199
137 631
137 718
137 464
137 339
137 340
137 726
137 347
137 187
137 364
137 366
137 495
137 233
137 250
138 644
138 143
138 670
138 672
138 291
138 167
138 424
138 565
138 448
138 472
138 217
138 216
138 483
138 362
138 728
138 370
138 507
138 511
139 608
139 513
139 419
139 615
139 618
139 459
139 557
139 625
139 178
139 437
139 214
139 632
139 153
139 730
139 413
140 681
140 348
141 363
141 523
141 780
141 399
141 529
141 533
141 534
141 668
141 413
141 415
141 160
141 427
141 689
141 692
141 202
141 574
141 191
141 395
141 373
141 458
141 723
141 342
141 607
141 481
141 491
141 365
141 242
141 504
141 319
142 558
142 275
142 686
142 696
143 514
143 644
143 287
143 544
143 291
143 684
143 429
143 564
143 438
143 568
143 671
143 572
143 318
143 320
143 196
143 586
143 206
143 602
143 733
143 224
143 617
143 374
143 633
144 271
144 276
144 278
144 539
144 416
144 293
144 411
144 175
144 527
144 315
144 700
144 288
144 720
144 600
144 602
144 734
144 225
144 443
144 743
144 496
144 660
144 639
145 771
145 261
145 519
145 264
145 272
145 785
145 659
145 150
145 279
145 283
145 284
145 672
145 646
145 167
145 683
145 429
145 606
145 318
145 713
145 717
145 467
145 213
145 732
145 784
145 571
145 612
145 401
145 491
145 243
145 630
145 248
145 252
145 253
146 416
146 293
146 550
146 749
146 407
147 513
147 579
147 299
147 686
147 531
147 275
147 470
147 696
147 676
147 188
147 293
148 386
148 771
148 777
148 535
148 538
148 474
148 670
148 424
148 684
148 626
148 441
148 320
148 715
148 207
148 721
148 466
148 697
148 602
148 740
148 616
148 753
148 242
148 627
148 374
148 507
149 611
149 512
149 386
149 324
149 385
149 299
149 366
149 721
149 307
149 725
149 758
149 184
150 392
150 519
150 520
150 651
150 404
150 789
150 152
150 669
150 561
150 552
150 560
150 689
150 455
150 460
150 717
150 461
150 598
150 221
150 606
150 785
150 235
150 498
150 264
150 763
150 638
151 518
151 455
151 457
151 394
151 226
151 497
151 340
151 373
151 438
151 425
151 248
151 666
151 223
151 508
151 317
151 421
152 769
152 235
152 662
152 263
152 394
152 652
152 789
152 418
152 552
152 172
152 567
152 702
152 448
152 452
152 329
152 461
152 733
152 606
152 351
152 751
153 513
153 515
153 774
153 668
153 156
153 413
153 549
153 294
153 297
153 298
153 557
153 690
153 692
153 708
153 454
153 583
153 584
153 459
153 219
153 737
153 226
153 618
153 491
153 761
153 638
155 704
155 770
155 518
155 161
155 546
155 553
155 172
155 321
155 176
155 562
155 567
155 688
155 577
155 709
155 203
155 460
155 461
155 725
155 343
155 349
155 611
155 614
155 366
155 239
155 500
155 501
156 642
156 515
156 388
156 645
156 774
156 523
156 269
156 399
156 403
156 543
156 687
156 692
156 314
156 329
156 336
156 593
156 468
156 219
156 737
156 487
156 490
156 491
156 367
156 241
157 737
157 741
157 583
157 307
157 650
157 403
157 191
157 687
157 336
157 689
157 159
157 365
157 185
157 383
157 490
157 618
157 607
158 400
158 788
158 409
158 303
158 544
158 161
158 291
158 301
158 560
158 312
158 697
158 448
158 578
158 596
158 602
158 733
158 608
158 358
158 374
158 638
159 160
159 419
159 294
159 359
159 584
159 489
159 582
159 658
159 168
159 570
159 689
159 383
159 773
159 469
159 506
159 415
159 607
160 427
160 395
160 780
160 654
160 399
160 515
160 277
160 534
160 415
160 419
160 164
160 555
160 300
160 689
160 692
160 309
160 695
160 312
160 441
160 442
160 191
160 192
160 590
160 208
160 593
160 345
160 741
160 747
160 364
160 495
160 241
161 608
161 704
161 763
161 516
161 518
161 169
161 733
161 562
161 788
161 301
161 596
161 412
161 426
163 329
163 738
164 262
164 396
164 658
164 534
164 413
164 555
164 307
164 309
164 441
164 442
164 191
164 590
164 610
164 741
164 489
164 620
164 383
165 640
165 419
165 452
165 390
165 615
165 202
165 203
165 780
165 557
165 560
165 562
165 740
165 277
165 246
165 409
165 730
165 533
165 444
165 427
166 384
166 771
166 782
166 272
166 283
166 670
166 679
166 425
166 556
166 568
166 570
166 196
166 713
166 330
166 361
166 617
166 630
166 553
167 386
167 259
167 772
167 286
167 287
167 679
167 425
167 299
167 684
167 429
167 564
167 671
167 318
167 196
167 712
167 335
167 602
167 216
167 224
167 483
167 485
167 358
167 743
167 491
167 240
167 633
167 507
167 380
168 770
168 520
168 265
168 782
168 534
168 663
168 538
168 414
168 421
168 554
168 555
168 264
168 319
168 226
168 227
168 487
168 360
168 359
168 493
168 625
168 498
168 506
169 384
169 517
169 653
169 675
169 552
169 553
169 426
169 692
169 699
169 317
169 585
169 397
169 725
169 412
169 604
169 355
169 488
169 366
169 497
169 754
169 501
169 634
170 257
170 514
170 259
170 518
170 236
170 279
170 282
170 284
170 541
170 554
170 429
170 563
170 564
170 183
170 446
170 587
170 588
170 717
170 207
170 726
170 216
170 280
170 351
170 500
170 363
170 364
170 497
170 756
170 657
170 636
171 772
171 785
171 402
171 660
171 663
171 539
171 551
171 304
171 573
171 195
171 324
171 325
171 716
171 463
171 211
171 726
171 335
171 743
171 231
171 370
171 495
171 339
171 629
171 255
172 769
172 387
172 266
172 268
172 770
172 239
172 400
172 544
172 688
172 418
172 675
172 553
172 428
172 432
172 438
172 567
172 702
172 448
172 324
172 455
172 203
172 460
172 653
172 355
172 725
172 343
172 219
172 611
172 356
172 751
172 242
172 446
172 758
173 672
173 219
173 438
173 778
173 556
173 525
173 589
173 371
173 725
173 374
173 503
173 474
173 379
173 732
173 621
174 736
174 421
174 746
174 588
174 429
174 206
174 400
174 242
174 788
174 270
174 310
174 248
174 252
174 266
174 671
175 392
175 266
175 273
175 276
175 281
175 539
175 671
175 416
175 411
175 684
175 177
175 439
175 443
175 288
175 589
175 334
175 732
175 734
175 225
175 358
175 372
175 253
175 382
175 639
176 640
176 516
176 517
176 518
176 522
176 530
176 669
176 414
176 423
176 688
176 561
176 310
176 695
176 186
176 607
176 394
176 448
176 202
176 206
176 594
176 472
176 349
176 351
176 614
176 620
176 637
177 259
177 392
177 272
177 217
177 669
177 671
177 291
177 684
177 439
177 715
177 332
177 589
177 356
177 732
177 736
177 740
177 358
177 488
177 372
177 245
177 507
177 382
177 767
178 459
178 292
178 295
178 648
178 489
178 618
178 780
178 557
178 703
178 248
178 403
178 723
178 504
178 441
178 667
178 413
178 190
178 223
179 256
179 641
179 773
179 396
179 662
179 218
179 544
179 419
179 678
179 685
179 307
179 570
179 574
179 703
179 765
179 737
179 329
179 458
179 459
179 208
179 338
179 724
179 730
179 475
179 378
179 609
179 484
179 489
179 493
179 623
179 368
179 759
179 762
179 383
180 547
181 512
181 411
181 420
181 416
181 712
181 233
181 631
181 255
181 288
181 499
181 471
181 559
181 666
181 539
181 367
181 479
183 514
183 265
183 784
183 280
183 281
183 418
183 429
183 310
183 318
183 581
183 588
183 717
183 718
183 206
183 217
183 346
183 349
183 607
183 362
183 236
183 446
183 252
183 254
184 321
184 355
184 709
184 614
184 257
184 520
184 425
184 235
184 626
184 366
184 360
184 286
184 611
184 500
184 248
184 666
184 251
184 510
185 256
185 515
185 773
185 774
185 658
185 549
185 680
185 569
185 314
185 703
185 331
185 590
185 209
185 475
185 481
185 613
185 593
185 490
185 365
185 764
186 669
186 577
186 358
186 423
186 776
186 237
186 653
186 560
186 695
186 312
186 688
186 444
186 349
186 637
187 631
187 398
187 527
187 785
187 402
187 302
187 537
187 666
187 288
187 290
187 676
187 293
187 551
187 430
187 779
187 199
187 233
187 715
187 718
187 335
187 464
187 339
187 340
187 726
187 347
187 250
187 734
187 677
187 480
187 361
187 364
187 495
187 757
187 759
187 767
187 247
188 293
188 616
188 380
188 586
188 587
188 313
188 631
188 239
188 572
188 381
188 485
189 204
190 645
190 648
190 395
190 780
190 526
190 783
190 532
190 405
190 410
190 431
190 517
190 419
190 422
190 687
190 776
190 435
190 322
190 708
190 583
190 331
190 332
190 723
190 724
190 476
190 223
190 481
190 354
190 239
190 246
190 504
191 515
191 396
191 403
191 533
191 534
191 419
191 295
191 557
191 687
191 689
191 690
191 307
191 309
191 441
191 442
191 701
191 192
191 449
191 580
191 582
191 583
191 458
191 590
191 592
191 724
191 597
191 214
191 345
191 475
191 718
191 609
191 484
191 741
191 489
191 491
191 493
191 238
191 765
191 625
191 242
191 504
191 377
191 383
192 257
192 642
192 515
192 773
192 652
192 654
192 277
192 345
192 408
192 582
192 294
192 295
192 685
192 689
192 309
192 695
192 312
192 194
192 228
192 454
192 331
192 332
192 590
192 592
192 729
192 476
192 762
192 350
192 484
192 747
192 493
192 625
192 506
193 416
193 290
193 492
193 559
193 600
193 703
193 511
194 513
194 642
194 257
194 650
194 395
194 268
194 654
194 788
194 238
194 534
194 408
194 422
194 680
194 685
194 709
194 454
194 202
194 214
194 223
194 487
194 632
194 762
195 578
195 587
195 536
195 231
195 551
195 210
195 558
195 333
195 696
195 494
195 601
195 760
195 255
195 573
195 686
196 384
196 259
196 266
196 782
196 655
196 272
196 281
196 283
196 670
196 287
196 425
196 684
196 429
196 564
196 570
196 320
196 713
196 330
196 568
196 213
196 441
196 224
196 361
196 679
196 627
196 372
196 630
196 553
196 633
196 253
197 514
197 272
197 625
197 661
197 670
198 449
198 613
198 457
198 780
198 365
198 590
198 593
198 468
198 373
198 569
198 314
198 509
199 512
199 641
199 779
199 269
199 280
199 537
199 666
199 413
199 288
199 677
199 551
199 297
199 370
199 430
199 304
199 311
199 571
199 319
199 576
199 247
199 334
199 346
199 476
199 734
199 549
199 480
199 226
199 740
199 613
199 490
199 626
199 757
199 361
199 767
200 385
200 648
200 650
200 523
200 396
200 653
200 658
200 667
200 668
200 413
200 549
200 295
200 692
200 574
200 319
200 583
200 456
200 342
200 345
200 228
200 741
200 747
200 504
202 257
202 642
202 518
202 650
202 523
202 654
202 277
202 408
202 680
202 685
202 692
202 314
202 574
202 319
202 454
202 504
202 214
202 730
202 350
202 607
202 614
202 615
202 747
202 238
202 632
202 762
203 770
203 517
203 394
203 653
203 528
203 530
203 788
203 409
203 287
203 688
203 372
203 296
203 553
203 682
203 432
203 308
203 437
203 567
203 699
203 501
203 576
203 452
203 709
203 460
203 717
203 333
203 464
203 595
203 343
203 349
203 224
203 358
203 745
203 364
203 242
203 500
203 617
203 725
205 544
205 368
205 457
205 715
205 678
205 679
205 232
205 329
205 426
205 343
205 208
205 338
205 662
205 574
205 373
206 516
206 775
206 784
206 644
206 281
206 409
206 286
206 418
206 291
206 244
206 310
206 697
206 688
206 318
206 672
206 588
206 717
206 217
206 349
206 224
206 358
206 253
206 371
206 372
206 252
206 637
207 235
207 602
207 715
207 707
207 245
207 250
207 282
207 700
207 746
208 294
208 774
208 354
208 678
208 657
208 662
208 623
208 368
208 419
208 420
208 422
208 441
208 442
208 702
208 703
208 544
208 329
208 338
208 724
208 730
208 350
208 223
208 737
208 226
208 484
208 232
208 489
208 495
208 574
208 759
208 378
208 764
209 641
209 642
209 584
209 490
209 354
209 365
209 336
209 529
209 658
209 435
209 405
209 506
209 530
209 410
209 543
210 672
210 514
210 229
210 393
210 503
210 686
210 655
210 291
210 470
210 777
210 507
210 573
210 638
211 225
211 551
211 335
211 716
211 402
211 573
211 370
211 660
211 629
211 299
211 527
211 231
212 610
212 455
212 266
212 651
212 426
212 562
212 277
212 312
212 735
212 508
212 446
212 725
213 385
213 261
213 265
213 266
213 784
213 404
213 281
213 284
213 672
213 679
213 682
213 699
213 467
213 217
213 732
213 358
213 401
213 371
213 372
213 630
213 633
213 253
214 609
214 230
214 650
214 680
214 493
214 238
214 783
214 632
214 690
214 399
214 504
214 354
214 730
214 475
214 490
215 769
215 619
215 646
215 265
215 279
215 283
215 563
215 467
215 604
215 483
215 362
215 363
215 756
215 245
215 633
215 253
216 363
216 646
216 259
216 280
216 284
216 547
216 292
216 243
216 318
216 579
216 717
216 595
216 732
216 743
216 619
216 236
216 499
216 254
216 382
217 777
217 272
217 281
217 284
217 418
217 682
217 310
217 444
217 586
217 588
217 784
217 247
217 252
218 262
218 321
218 662
218 751
218 419
218 428
218 500
218 563
218 574
218 577
218 452
218 709
218 329
218 721
218 338
218 737
218 611
218 484
218 743
218 623
218 756
218 378
218 379
219 515
219 391
219 428
219 397
219 403
219 276
219 665
219 541
219 414
219 520
219 547
219 421
219 682
219 264
219 265
219 479
219 544
219 455
219 774
219 340
219 346
219 349
219 607
219 354
219 359
219 360
219 491
219 387
219 498
219 379
219 254
221 517
221 520
221 264
221 265
221 651
221 770
221 400
221 533
221 535
221 411
221 421
221 552
221 391
221 242
221 563
221 312
221 445
221 581
221 460
221 590
221 593
221 611
221 598
221 634
221 227
221 360
221 642
221 625
221 498
221 381
222 266
222 253
223 641
223 773
223 774
223 780
223 322
223 549
223 294
223 314
223 226
223 350
223 354
223 618
223 658
223 403
224 261
224 262
224 266
224 401
224 409
224 287
224 544
224 291
224 425
224 554
224 684
224 429
224 564
224 437
224 697
224 318
224 320
224 342
224 602
224 733
224 483
224 228
224 485
224 358
224 679
224 372
224 374
224 633
224 250
224 764
225 772
225 402
225 451
225 276
225 536
225 539
225 416
225 411
225 551
225 304
225 306
225 315
225 288
225 450
225 323
225 462
225 734
225 443
225 497
225 631
226 641
226 388
226 269
226 413
226 329
226 294
226 297
226 298
226 669
226 304
226 692
226 311
226 442
226 319
226 708
226 457
226 343
226 476
226 227
226 613
226 487
226 490
226 373
226 703
226 508
227 515
227 264
227 265
227 770
227 276
227 535
227 411
227 421
227 554
227 391
227 304
227 520
227 307
227 319
227 449
227 581
227 597
227 476
227 228
227 360
227 762
227 490
227 241
227 498
227 468
228 650
228 270
228 401
228 789
228 408
228 412
228 549
228 678
228 668
228 298
228 555
228 456
228 522
228 590
228 469
228 345
228 421
228 618
228 620
228 493
228 625
228 242
228 761
228 764
229 646
229 266
229 398
229 286
229 671
229 556
229 446
229 451
229 581
229 713
229 746
229 619
229 236
229 254
229 382
230 384
230 513
230 642
230 516
230 385
230 269
230 783
230 529
230 405
230 423
230 426
230 437
230 440
230 444
230 449
230 329
230 399
230 354
230 489
230 637
230 661
231 356
231 325
231 551
231 585
231 716
231 497
231 696
231 573
232 384
232 770
232 393
232 398
232 658
232 662
232 544
232 419
232 678
232 565
232 440
232 574
232 437
232 758
232 329
232 330
232 338
232 484
232 623
232 368
232 498
232 702
232 502
233 512
233 290
233 682
233 299
233 398
233 759
233 367
233 471
233 600
233 757
235 770
235 262
235 321
235 520
235 268
235 659
235 404
235 789
235 412
235 552
235 428
235 431
235 562
235 700
235 577
235 709
235 585
235 461
235 721
235 604
235 606
235 355
235 614
235 743
235 500
235 630
235 248
236 514
236 771
236 525
236 270
236 252
236 772
236 284
236 669
236 672
236 291
236 425
236 519
236 429
236 694
236 318
236 245
236 320
236 451
236 708
236 585
236 588
236 717
236 462
236 337
236 466
236 382
236 446
236 732
236 280
236 356
236 617
236 746
236 754
236 629
236 248
236 460
236 254
236 767
237 646
237 266
237 279
237 282
237 284
237 671
237 292
237 429
237 571
237 317
237 577
237 735
237 358
237 248
238 513
238 650
238 395
238 780
238 783
238 532
238 534
238 419
238 422
238 295
238 557
238 690
238 442
238 701
238 709
238 583
238 458
238 504
238 475
238 609
238 487
238 493
238 632
238 377
239 776
239 783
239 657
239 532
239 422
239 553
239 300
239 685
239 431
239 688
239 567
239 321
239 322
239 460
239 590
239 336
239 593
239 343
239 476
239 613
239 360
239 365
239 501
239 246
239 383
240 749
240 772
240 712
240 617
240 743
240 679
240 335
240 499
240 276
240 495
240 660
240 559
240 380
240 285
241 256
241 257
241 515
241 523
241 780
241 269
241 399
241 427
241 689
241 569
241 574
241 395
241 457
241 458
241 592
241 593
241 468
241 364
241 625
241 762
242 386
242 363
242 517
242 390
242 264
242 651
242 270
242 400
242 533
242 534
242 421
242 678
242 552
242 688
242 567
242 312
242 699
242 321
242 460
242 598
242 343
242 611
242 488
242 618
242 491
242 620
242 788
242 764
243 651
243 612
243 586
243 683
243 429
243 619
243 272
243 382
243 630
243 283
243 253
243 565
244 644
244 525
244 655
244 786
244 661
244 542
244 672
244 554
244 306
244 286
244 568
244 446
244 437
244 582
244 589
244 728
244 358
244 371
244 372
244 248
244 633
245 772
245 520
245 782
245 272
245 533
245 452
245 669
245 708
245 462
245 356
245 252
245 746
245 619
245 248
245 250
245 381
245 510
245 767
246 640
246 642
246 776
246 783
246 409
246 687
246 428
246 431
246 560
246 308
246 322
246 709
246 331
246 464
246 476
246 745
246 618
246 626
246 377
246 763
246 341
247 646
247 520
247 779
247 531
247 404
247 537
247 666
247 288
247 675
247 677
247 551
247 444
247 445
247 321
247 579
247 324
247 325
247 716
247 463
247 601
247 357
247 742
247 361
247 757
247 767
247 511
248 385
248 772
248 646
248 648
248 621
248 404
248 666
248 283
248 413
248 291
248 292
248 421
248 568
248 425
248 257
248 669
248 699
248 318
248 708
248 709
248 585
248 460
248 590
248 340
248 462
248 343
248 574
248 655
248 356
248 337
248 746
248 754
248 252
248 767
249 713
249 266
249 588
249 254
249 595
249 446
249 633
249 253
249 286
249 671
250 619
250 644
250 261
250 527
250 273
250 281
250 425
250 554
250 581
250 503
250 589
250 718
250 464
250 340
250 398
250 347
250 479
250 746
250 364
250 621
250 631
251 517
251 520
251 533
251 286
251 297
251 498
251 688
251 321
251 452
251 454
251 711
251 464
251 604
251 610
251 614
251 626
251 754
251 510
252 772
252 646
252 784
252 281
252 669
252 418
252 691
252 310
252 571
252 318
252 708
252 588
252 462
252 746
252 363
252 767
253 775
253 266
253 429
253 272
253 273
253 279
253 281
253 283
253 284
253 679
253 682
253 683
253 627
253 568
253 633
253 467
253 603
253 655
253 351
253 358
253 372
253 630
254 358
254 265
254 398
254 279
254 284
254 541
254 286
254 581
254 292
254 682
254 261
254 671
254 456
254 713
254 337
254 595
254 346
254 614
254 621
254 382
255 785
255 402
255 278
255 411
255 288
255 676
255 558
255 560
255 696
255 315
255 325
255 463
255 420
255 479
255 494
255 760
255 380
256 257
256 515
256 388
256 307
256 523
256 396
256 422
256 295
256 570
256 574
256 703
256 708
256 325
256 584
256 457
256 625
256 442
256 481
256 487
256 378
256 383
257 642
257 523
257 654
257 532
257 789
257 408
257 415
257 625
257 685
257 574
257 395
257 709
257 454
257 457
257 592
257 497
257 468
257 741
257 740
257 613
257 490
257 747
257 762
258 576
258 779
258 262
258 678
258 587
258 716
258 753
258 702
259 363
259 284
259 287
259 672
259 684
259 429
259 564
259 568
259 717
259 589
259 602
259 483
259 679
259 372
259 510
261 773
261 263
261 265
261 781
261 784
261 279
261 281
261 284
261 541
261 581
261 672
261 292
261 425
261 554
261 428
261 564
261 567
261 700
261 317
261 782
261 589
261 590
261 401
261 466
261 467
261 346
261 732
261 668
261 273
261 621
261 682
262 640
262 769
262 268
262 659
262 789
262 412
262 413
262 546
262 549
262 678
262 428
262 431
262 563
262 308
262 698
262 702
262 577
262 709
262 396
262 610
262 721
262 594
262 342
262 604
262 609
262 356
262 614
262 743
262 360
262 620
262 500
262 634
262 764
263 512
263 386
263 571
263 391
263 324
263 299
263 466
263 467
263 758
263 721
263 402
263 371
263 452
263 666
264 517
264 520
264 265
264 651
264 400
264 276
264 785
264 541
264 414
264 534
264 418
264 547
264 421
264 678
264 682
264 519
264 498
264 312
264 313
264 445
264 717
264 611
264 725
264 598
264 606
264 354
264 359
264 360
264 619
264 391
264 554
265 386
265 515
265 663
265 770
265 782
265 276
265 279
265 541
265 453
265 547
265 292
265 421
265 682
265 391
265 520
265 414
265 461
265 718
265 346
265 479
265 359
265 360
265 621
265 498
265 633
265 554
266 556
266 778
266 781
266 270
266 429
266 272
266 273
266 281
266 284
266 671
266 679
266 681
266 773
266 568
266 446
266 603
266 334
266 655
266 612
266 358
266 372
266 636
268 769
268 394
268 654
268 659
268 404
268 408
268 412
268 669
268 552
268 428
268 438
268 704
268 452
268 709
268 455
268 721
268 604
268 611
268 356
268 614
268 743
268 620
268 497
268 500
268 502
268 788
268 762
269 641
269 388
269 513
269 526
269 783
269 413
269 543
269 297
269 304
269 442
269 444
269 703
269 449
269 329
269 476
269 480
269 740
269 613
269 487
269 490
269 365
269 764
270 771
270 390
270 620
270 400
270 472
270 404
270 284
270 671
270 421
270 425
270 429
270 565
270 444
270 320
270 589
270 675
270 678
270 617
270 370
270 788
270 764
271 512
271 644
271 392
271 275
271 278
271 407
271 537
271 551
271 425
271 572
271 629
271 325
271 738
271 742
271 494
271 757
271 631
271 633
271 380
271 639
272 655
272 283
272 679
272 429
272 568
272 351
272 713
272 607
272 612
272 372
272 630
273 538
273 358
273 360
273 421
273 655
273 554
273 520
273 498
273 589
273 621
273 446
274 681
274 436
274 524
275 512
275 757
275 324
275 293
275 325
275 716
275 364
275 304
275 537
275 696
275 313
275 639
276 391
276 534
276 559
276 416
276 551
276 682
276 355
276 498
276 726
276 520
276 443
276 411
276 573
276 539
276 288
276 716
276 547
276 734
276 354
276 487
276 360
276 370
276 758
276 541
277 640
277 515
277 390
277 528
277 533
277 345
277 409
277 431
277 562
277 309
277 695
277 312
277 444
277 702
277 544
277 331
277 729
277 730
277 476
277 610
277 740
277 358
277 615
277 616
277 745
277 750
277 508
277 637
278 416
278 738
278 551
278 686
278 785
278 402
278 629
278 631
278 696
278 537
278 293
278 380
279 519
279 471
279 621
279 282
279 785
279 541
279 676
279 561
279 571
279 573
279 588
279 717
279 600
279 292
279 480
279 369
280 512
280 363
280 420
280 700
280 717
280 462
280 621
280 660
280 284
280 349
281 784
281 418
281 679
281 556
281 334
281 310
281 588
281 467
281 358
281 372
282 480
282 292
282 617
282 588
282 398
283 384
283 782
283 670
283 544
283 678
283 679
283 553
283 429
283 437
283 570
283 318
283 713
283 330
283 715
283 361
283 630
284 777
284 429
284 784
284 659
284 672
284 586
284 717
284 595
284 732
284 351
284 401
284 363
284 467
284 382
285 304
285 748
285 778
285 718
285 719
285 663
285 364
285 720
285 492
286 644
286 517
286 358
286 541
286 542
286 671
286 672
286 310
286 372
286 581
286 713
286 595
286 614
286 626
286 371
286 382
286 507
287 320
287 617
287 684
287 429
287 595
287 564
287 691
287 425
287 633
287 483
287 318
288 402
288 531
288 663
288 536
288 537
288 666
288 539
288 416
288 291
288 420
288 430
288 411
288 324
288 712
288 463
288 511
288 734
288 479
288 571
288 742
288 639
288 494
288 757
288 758
288 767
288 443
290 579
290 379
290 439
290 492
290 718
290 759
290 369
290 756
290 299
290 316
290 361
291 644
291 777
291 525
291 409
291 544
291 697
291 571
291 318
291 578
291 712
291 655
291 672
291 732
291 733
291 356
291 488
291 754
291 374
291 507
291 638
291 767
292 385
292 621
292 579
292 404
292 418
292 682
292 648
292 453
292 347
292 606
292 743
292 362
292 499
293 777
293 778
293 664
293 410
293 416
293 555
293 696
293 314
293 321
293 522
293 586
293 460
293 610
294 641
294 773
294 774
294 648
294 652
294 657
294 582
294 295
294 297
294 692
294 311
294 569
294 708
294 454
294 350
294 549
294 484
294 658
294 506
295 388
295 773
295 774
295 523
295 652
295 493
295 667
295 419
295 690
295 584
295 442
295 701
295 582
295 583
295 458
295 332
295 336
295 504
295 342
295 730
295 475
295 557
295 350
295 741
295 609
295 422
295 658
295 632
295 377
295 506
296 770
296 520
296 394
296 398
296 528
296 530
296 788
296 662
296 669
296 423
296 553
296 433
296 563
296 438
296 377
296 460
296 333
296 471
296 349
296 606
296 502
296 404
296 763
297 641
297 773
297 520
297 522
297 526
297 304
297 309
297 319
297 454
297 459
297 468
297 597
297 476
297 613
297 490
297 761
298 522
298 654
298 557
298 789
298 408
298 668
298 549
298 555
298 685
298 650
298 469
298 377
298 472
298 345
298 493
298 761
298 762
299 512
299 386
299 660
299 536
299 420
299 682
299 697
299 443
299 316
299 450
299 579
299 531
299 721
299 725
299 471
299 347
299 749
299 495
299 659
299 758
300 513
300 395
300 780
300 783
300 403
300 532
300 538
300 427
300 685
300 689
300 690
300 650
300 703
300 577
300 322
300 709
300 336
300 597
300 399
300 476
300 350
300 364
300 632
300 761
301 608
301 777
301 523
301 593
301 788
301 312
301 596
301 314
301 731
301 733
302 480
302 392
302 379
302 587
302 684
302 451
302 600
302 547
302 511
302 398
302 759
302 696
302 732
302 573
303 425
303 382
303 503
304 641
304 772
304 778
304 499
304 537
304 559
304 678
304 579
304 370
304 430
304 413
304 306
304 563
304 311
304 443
304 319
304 323
304 324
304 325
304 712
304 718
304 719
304 450
304 339
304 462
304 726
304 471
304 527
304 476
304 605
304 480
304 356
304 613
304 490
304 364
304 497
304 639
305 649
305 524
305 622
306 497
306 555
306 401
306 430
306 655
306 657
306 661
306 728
306 437
307 641
307 774
307 385
307 648
307 523
307 396
307 529
307 408
307 668
307 685
307 689
307 309
307 570
307 708
307 590
307 592
307 341
307 442
307 611
307 741
307 359
307 366
307 765
307 368
307 632
307 378
307 383
308 412
308 687
308 563
308 699
308 583
308 713
308 464
308 343
308 356
308 360
308 745
308 618
308 751
308 756
308 377
309 515
309 396
309 534
309 408
309 689
309 312
309 582
309 590
309 592
309 597
309 345
309 741
309 489
309 747
309 493
309 761
309 383
309 469
310 518
310 522
310 525
310 784
310 671
310 418
310 318
310 710
310 588
310 462
310 474
310 732
310 349
310 614
310 362
310 620
310 371
310 503
311 480
311 708
311 689
312 448
312 515
312 517
312 528
312 657
312 345
312 414
312 552
312 321
312 560
312 695
312 445
312 577
312 651
312 709
312 331
312 460
312 598
312 729
312 731
312 611
312 358
312 616
312 747
312 317
312 626
312 763
312 509
312 638
313 779
313 572
313 619
313 369
314 449
314 522
314 523
314 403
314 534
314 408
314 410
314 549
314 555
314 458
314 319
314 321
314 584
314 460
314 590
314 593
314 350
314 610
314 613
314 468
314 509
315 527
315 785
315 660
315 676
315 678
315 558
315 560
315 335
315 720
315 734
315 356
315 743
315 496
315 497
315 629
316 463
317 776
317 651
317 657
317 668
317 414
317 421
317 438
317 571
317 704
317 577
317 455
317 585
317 518
317 340
317 604
317 735
317 355
317 358
317 488
317 366
317 497
317 501
317 634
318 646
318 525
318 784
318 425
318 684
318 429
318 564
318 320
318 588
318 732
318 485
318 633
319 523
319 529
319 658
319 534
319 668
319 413
319 692
319 350
319 699
319 583
319 468
319 469
319 342
319 607
319 618
319 504
320 425
320 771
320 485
320 684
320 535
320 429
320 483
320 750
320 617
320 633
320 564
321 517
321 520
321 522
321 651
321 788
321 533
321 410
321 546
321 552
321 555
321 498
321 445
321 577
321 452
321 460
321 355
321 349
321 610
321 611
321 357
321 360
321 500
322 776
322 650
322 780
322 526
322 783
322 532
322 405
322 413
322 543
322 368
322 685
322 431
322 435
322 583
322 331
322 332
322 336
322 723
322 724
322 476
322 737
322 354
322 486
322 360
322 745
322 481
322 489
322 377
323 411
323 676
323 613
323 497
323 563
323 567
323 420
323 700
324 512
324 769
324 772
324 402
324 666
324 418
324 675
324 370
324 571
324 702
324 325
324 326
324 712
324 339
324 726
324 479
324 355
324 742
324 751
324 369
324 371
324 629
325 512
325 537
325 536
325 772
325 551
325 686
325 696
325 573
325 579
325 716
325 463
325 339
325 726
325 601
325 742
325 364
325 494
325 757
325 760
326 512
326 551
326 573
326 344
328 393
329 513
329 388
329 645
329 623
329 394
329 526
329 662
329 367
329 730
329 544
329 678
329 442
329 574
329 703
329 449
329 580
329 459
329 338
329 419
329 724
329 476
329 737
329 484
329 487
329 489
329 751
329 368
329 759
329 378
329 764
330 384
330 393
330 782
330 670
330 544
330 679
330 553
330 426
330 437
330 440
330 570
330 699
330 704
330 711
330 713
330 361
331 642
331 515
331 776
331 783
331 729
331 422
331 687
331 341
331 345
331 476
331 487
331 618
331 747
331 377
332 481
332 740
332 486
332 745
332 583
332 354
332 365
332 377
332 650
332 543
333 528
333 579
333 551
333 778
333 688
333 536
333 530
333 788
333 553
333 760
333 666
333 349
333 394
334 576
334 578
334 677
334 358
334 423
334 785
334 627
334 568
334 571
335 772
335 391
335 660
335 539
335 676
335 451
335 591
335 339
335 726
335 743
335 679
335 495
335 629
335 380
336 523
336 532
336 405
336 410
336 540
336 685
336 687
336 434
336 597
336 735
336 737
336 354
336 359
336 360
336 490
336 365
336 373
336 761
337 684
337 746
338 771
338 662
338 538
338 544
338 419
338 678
338 426
338 498
338 697
338 574
338 722
338 724
338 730
338 737
338 484
338 489
338 623
338 368
338 626
338 759
338 378
339 512
339 772
339 407
339 676
339 430
339 726
339 346
339 742
339 370
339 381
340 398
340 527
340 661
340 347
340 518
340 426
340 438
340 710
340 455
340 718
340 464
340 364
340 631
341 422
341 776
341 590
341 476
342 396
342 529
342 667
342 412
342 419
342 668
342 555
342 692
342 698
342 582
342 345
342 733
342 607
342 359
342 583
342 493
342 374
342 504
342 764
342 765
343 518
343 665
343 409
343 669
343 421
343 423
343 425
343 688
343 567
343 699
343 709
343 460
343 497
343 553
343 508
344 386
344 547
344 494
344 398
344 443
345 515
345 650
345 396
345 532
345 408
345 667
345 668
345 415
345 549
345 695
345 456
345 484
345 590
345 592
345 469
345 729
345 476
345 486
345 747
345 493
345 367
345 368
345 509
345 789
346 512
346 776
346 363
346 769
346 367
346 756
346 598
347 512
347 450
347 586
347 364
347 398
347 527
347 656
347 579
347 718
347 536
348 436
348 478
349 640
349 516
349 439
349 518
349 522
349 695
349 528
349 530
349 788
349 669
349 414
349 517
349 675
349 423
349 553
349 688
349 351
349 444
349 394
349 577
349 717
349 594
349 607
349 620
349 500
349 637
350 774
350 652
350 783
350 657
350 408
350 538
350 680
350 650
350 399
351 522
351 518
351 713
351 564
351 414
351 607
352 456
352 408
353 714
353 447
354 385
354 515
354 517
354 783
354 529
354 403
354 405
354 541
354 543
354 547
354 399
354 682
354 520
354 434
354 435
354 442
354 481
354 724
354 490
354 365
354 370
354 373
355 577
355 520
355 400
355 534
355 414
355 418
355 547
355 682
355 702
355 585
355 603
355 604
355 357
355 487
355 751
355 497
355 500
355 501
355 554
356 640
356 772
356 662
356 412
356 669
356 415
356 544
356 678
356 428
356 431
356 563
356 585
356 577
356 708
356 460
356 738
356 462
356 571
356 488
356 746
356 497
356 754
356 502
356 379
356 767
357 423
357 520
357 426
357 688
357 530
357 379
357 735
358 644
358 655
358 671
358 672
358 560
358 684
358 695
358 372
358 448
358 577
358 437
358 589
358 568
358 603
358 735
358 715
358 465
358 679
358 371
359 515
359 391
359 396
359 782
359 534
359 663
359 538
359 414
359 419
359 421
359 554
359 555
359 520
359 597
359 735
359 360
359 625
359 498
359 506
359 383
360 515
360 535
360 782
360 663
360 538
360 411
360 412
360 414
360 421
360 391
360 626
360 520
360 563
360 393
360 699
360 704
360 581
360 711
360 770
360 745
360 625
360 498
360 554
361 384
361 782
361 666
361 670
361 734
361 677
361 551
361 553
361 437
361 439
361 570
361 709
361 713
361 718
361 743
361 369
361 372
361 757
361 767
362 619
362 775
362 397
362 466
362 463
362 380
363 646
363 533
363 534
363 555
363 563
363 454
363 717
363 595
363 728
363 367
363 756
363 374
364 778
364 395
364 780
364 398
364 527
364 518
364 497
364 427
364 686
364 689
364 399
364 576
364 716
364 718
364 719
364 464
364 726
364 605
364 531
364 631
364 639
365 388
365 773
365 538
365 434
365 444
365 703
365 590
365 723
365 724
365 475
365 481
365 740
365 613
365 490
365 373
365 509
366 704
366 518
366 385
366 651
366 421
366 562
366 438
366 567
366 455
366 604
366 611
366 488
366 497
366 501
366 634
367 769
367 650
367 523
367 652
367 398
367 532
367 557
367 459
367 592
367 471
367 600
367 756
367 509
368 774
368 667
368 544
368 419
368 678
368 553
368 685
368 662
368 692
368 650
368 574
368 583
368 724
368 737
368 484
368 486
368 745
368 722
368 623
368 377
368 378
369 779
369 677
369 742
369 439
369 386
369 718
369 785
369 494
370 772
370 389
370 527
370 785
370 403
370 534
370 663
370 541
370 677
370 682
370 430
370 547
370 565
370 589
370 726
370 472
370 749
370 629
371 512
371 644
371 525
371 666
371 462
371 372
371 672
371 474
371 732
371 503
372 514
372 644
372 392
372 525
372 655
372 671
372 672
372 678
372 679
372 683
372 684
372 690
372 437
372 439
372 568
372 713
372 589
372 397
372 732
372 492
372 630
372 382
373 422
373 457
373 490
373 780
373 723
373 405
373 598
373 504
373 692
373 442
374 544
374 578
374 602
374 638
374 409
374 728
374 698
374 733
374 627
377 642
377 650
377 525
377 583
377 543
377 419
377 683
377 557
377 687
377 433
377 690
377 437
377 442
377 701
377 737
377 458
377 718
377 504
377 730
377 475
377 609
377 745
377 618
377 493
377 632
378 641
378 385
378 522
378 523
378 396
378 493
378 662
378 773
378 544
378 419
378 678
378 555
378 570
378 574
378 609
378 458
378 459
378 722
378 724
378 469
378 730
378 475
378 737
378 623
378 759
378 761
379 397
379 662
379 665
379 415
379 675
379 426
379 561
379 439
379 573
379 577
379 452
379 738
379 611
379 751
379 497
379 756
379 502
379 759
380 772
380 528
380 785
380 537
380 551
380 679
380 712
380 738
380 463
380 610
380 743
380 639
380 494
380 381
380 631
380 637
380 767
381 520
381 533
381 535
381 411
381 676
381 551
381 391
381 445
381 452
381 593
381 726
381 479
381 738
381 746
381 494
381 495
381 498
381 631
382 684
382 651
382 525
382 541
382 671
382 672
382 425
382 554
382 428
382 439
382 577
382 581
382 713
382 589
382 595
382 732
382 612
382 621
382 630
382 503
383 650
383 396
383 403
383 532
383 534
383 685
383 689
383 570
383 590
383 442
383 607
383 741
383 761
384 516
384 393
384 614
384 782
384 678
384 405
384 412
384 670
384 679
384 426
384 560
384 437
384 570
384 699
384 711
384 713
384 440
384 735
384 553
385 641
385 642
385 645
385 648
385 469
385 783
385 529
385 404
385 405
385 543
385 419
385 555
385 557
385 699
385 701
385 574
385 459
385 596
385 399
385 737
385 611
385 493
385 761
386 512
386 659
386 495
386 536
386 539
386 547
386 677
386 694
386 697
386 443
386 712
386 721
386 725
386 598
386 734
386 749
386 494
386 758
386 631
386 660
386 767
387 544
387 404
388 475
388 764
388 422
388 584
388 487
388 442
388 493
388 703
388 543
389 677
389 749
389 785
389 527
390 640
390 653
390 400
390 788
390 409
390 676
390 688
390 562
390 444
390 702
390 459
390 464
390 421
390 608
390 740
390 614
390 745
390 618
390 498
390 767
391 470
391 520
391 779
391 601
391 411
391 547
391 682
391 663
391 445
391 757
391 416
391 579
391 535
391 716
391 593
391 591
391 742
391 495
391 498
391 629
392 576
392 425
392 684
392 547
392 495
392 772
392 572
392 671
393 614
393 711
393 616
393 498
393 560
393 626
393 437
393 440
393 704
393 735
394 518
394 782
394 528
394 530
394 788
394 412
394 414
394 476
394 445
394 604
394 607
394 620
394 553
395 780
395 399
395 532
395 534
395 422
395 427
395 689
395 690
395 701
395 583
395 457
395 592
395 468
395 487
396 523
396 529
396 658
396 532
396 789
396 534
396 413
396 549
396 689
396 570
396 708
396 583
396 590
396 698
396 442
396 610
396 484
396 620
397 653
397 424
397 466
397 732
397 542
398 770
398 772
398 527
398 600
398 547
398 563
398 451
398 758
398 461
398 718
398 464
398 471
398 480
398 443
398 501
398 502
398 631
398 639
399 598
399 780
399 783
399 403
399 405
399 538
399 543
399 554
399 427
399 557
399 642
399 689
399 435
399 692
399 446
399 703
399 708
399 459
399 592
399 597
399 476
399 741
399 787
399 632
400 769
400 421
400 653
400 552
400 788
400 461
400 678
400 636
401 784
401 659
401 672
401 684
401 700
401 467
401 732
402 451
402 712
402 450
402 686
402 785
402 696
403 642
403 515
403 598
403 650
403 532
403 534
403 541
403 549
403 682
403 685
403 692
403 441
403 475
403 724
403 597
403 442
403 557
403 625
403 761
404 520
404 412
404 669
404 544
404 675
404 431
404 432
404 438
404 699
404 460
404 621
404 763
405 516
405 661
405 426
405 557
405 434
405 435
405 440
405 724
405 481
405 490
407 512
407 411
407 420
407 742
408 642
408 654
408 788
408 454
408 685
408 689
408 582
408 652
408 484
408 590
408 592
408 469
408 493
408 625
408 762
409 640
409 516
409 653
409 544
409 688
409 562
409 697
409 444
409 702
409 608
409 578
409 452
409 711
409 464
409 602
409 740
409 745
409 750
409 498
409 637
409 638
409 533
410 645
410 776
410 522
410 532
410 555
410 687
410 576
410 708
410 583
410 457
410 460
410 735
410 481
410 610
410 504
411 770
411 520
411 663
411 782
411 539
411 420
411 421
411 547
411 443
411 445
411 581
411 593
411 416
411 734
411 451
411 498
411 639
412 640
412 782
412 426
412 431
412 563
412 698
412 699
412 445
412 711
412 604
412 626
412 756
412 425
412 764
413 641
413 648
413 549
413 692
413 574
413 476
413 613
413 490
413 620
413 489
414 770
414 518
414 520
414 776
414 663
414 538
414 603
414 421
414 554
414 697
414 607
414 522
414 782
414 620
414 625
414 498
414 634
415 650
415 523
415 652
415 654
415 532
415 419
415 625
415 555
415 689
415 574
415 457
415 592
415 468
415 490
415 497
415 502
416 527
416 663
416 559
416 539
416 696
416 443
416 720
416 631
416 639
418 769
418 428
418 770
418 784
418 662
418 675
418 702
418 588
418 598
418 606
418 751
419 427
419 648
419 780
419 654
419 493
419 662
419 730
419 678
419 555
419 557
419 701
419 544
419 458
419 718
419 723
419 724
419 469
419 761
419 475
419 506
419 737
419 484
419 489
419 722
419 623
419 574
419 759
419 504
420 480
420 587
420 495
420 479
420 631
420 573
421 770
421 515
421 663
421 788
421 657
421 538
421 520
421 709
421 678
421 497
421 425
421 554
421 498
421 776
421 438
421 699
421 666
421 704
421 581
421 455
421 712
421 518
421 782
421 488
421 618
421 620
421 625
421 764
421 767
422 530
422 534
422 690
422 442
422 701
422 584
422 476
422 487
422 506
423 640
423 733
423 517
423 530
423 669
423 688
423 561
423 695
423 444
423 448
423 578
423 594
423 596
423 728
423 735
423 616
423 754
423 502
423 637
423 533
424 459
424 549
424 777
424 765
424 728
424 538
424 507
424 586
424 661
425 771
425 644
425 775
425 556
425 666
425 684
425 429
425 564
425 572
425 709
425 617
425 756
425 503
425 633
426 644
426 535
426 530
426 665
426 516
426 694
426 699
426 533
426 704
426 711
426 460
426 735
426 763
426 740
426 508
426 596
426 626
426 661
427 648
427 493
427 468
427 689
427 730
427 667
427 780
427 557
428 776
428 770
428 669
428 544
428 564
428 567
428 577
428 709
428 455
428 721
428 614
428 743
428 630
428 500
428 634
429 514
429 775
429 683
429 684
429 564
429 671
429 588
429 717
429 633
429 483
429 612
429 446
429 630
430 578
430 772
430 677
430 551
430 537
430 666
430 767
431 640
431 770
431 776
431 783
431 657
431 432
431 598
431 604
431 616
431 750
431 509
432 649
432 682
432 653
432 725
432 617
432 460
433 649
433 680
433 566
434 490
434 717
434 721
435 783
435 481
435 597
435 724
435 569
435 543
436 681
437 514
437 661
437 535
437 679
437 683
437 777
437 440
438 704
438 520
438 778
438 669
438 544
438 697
438 446
438 455
438 518
438 460
438 725
438 733
438 508
438 497
438 503
438 636
439 637
439 684
439 525
439 718
439 510
439 470
439 457
439 732
439 671
440 516
440 616
440 729
441 555
441 515
441 459
441 557
441 625
441 597
441 690
441 539
442 534
442 690
442 584
442 590
442 475
442 609
442 741
442 487
442 493
442 504
442 703
442 764
443 512
443 579
443 721
443 734
443 758
443 639
444 640
444 750
444 675
444 688
444 562
444 711
444 653
444 464
444 608
444 740
444 745
444 498
444 516
444 636
444 637
444 533
445 520
445 782
445 535
445 546
445 646
445 678
445 461
445 464
445 593
445 740
446 513
446 784
446 671
446 694
446 568
446 451
446 588
446 589
446 655
446 746
446 629
446 503
446 636
446 554
448 560
448 675
448 517
448 594
448 754
448 561
448 669
449 513
449 526
449 657
449 532
449 687
449 569
449 584
449 590
449 593
449 724
449 597
449 613
449 765
449 509
450 512
450 451
450 536
450 721
450 660
450 757
450 631
450 600
450 573
450 479
451 772
451 536
451 551
451 694
451 573
451 721
451 600
451 746
451 629
452 769
452 520
452 788
452 533
452 675
452 464
452 610
452 611
452 746
452 751
452 756
452 502
453 578
453 582
453 775
453 682
453 619
453 525
453 782
453 466
453 467
453 725
453 462
453 603
453 510
454 773
454 520
454 652
454 654
454 555
454 685
454 522
454 506
454 762
455 657
455 669
455 544
455 685
455 704
455 707
455 518
455 587
455 478
455 497
455 767
456 650
456 516
456 668
456 735
457 776
457 780
457 654
457 532
457 625
457 574
457 523
457 592
457 468
457 470
457 481
457 486
457 490
457 508
458 515
458 773
458 523
458 534
458 557
458 701
458 459
458 718
458 593
458 468
458 475
458 609
458 491
458 493
458 504
458 724
459 773
459 641
459 522
459 652
459 526
459 645
459 549
459 690
459 513
459 593
459 475
459 557
459 608
459 609
459 618
459 625
459 635
459 764
459 765
460 520
460 522
460 651
460 668
460 669
460 688
460 553
460 555
460 561
460 563
460 567
460 708
460 585
460 590
460 462
460 610
460 746
460 763
460 767
461 789
461 662
461 678
461 552
461 563
461 718
461 604
461 606
461 614
461 501
461 502
462 772
462 525
462 669
462 563
462 708
462 585
462 466
462 612
462 474
462 732
462 746
462 497
462 510
462 767
463 531
463 536
463 644
463 579
463 466
463 601
463 742
463 767
463 494
463 757
463 760
463 633
463 639
464 640
464 516
464 653
464 527
464 657
464 498
464 688
464 562
464 758
464 711
464 718
464 593
464 608
464 626
464 631
466 467
466 682
466 588
466 782
466 474
466 525
466 510
467 782
467 784
467 682
467 732
467 621
467 633
468 469
468 780
468 529
468 531
468 532
468 625
468 692
468 569
468 523
468 583
468 584
468 592
468 597
468 490
469 515
469 650
469 654
469 658
469 789
469 668
469 549
469 555
469 692
469 570
469 522
469 583
469 597
469 476
469 481
469 493
469 761
470 587
470 579
470 742
470 779
470 716
470 531
470 757
470 601
470 511
471 527
471 495
471 682
471 561
471 694
471 721
471 600
471 499
471 639
472 685
472 762
472 589
474 483
474 588
474 503
474 732
475 773
475 650
475 781
475 555
475 701
475 522
475 609
475 481
475 493
475 504
475 737
475 764
475 765
476 641
476 515
476 776
476 729
476 703
476 783
476 613
476 741
476 480
476 481
476 490
476 747
476 632
478 614
479 512
479 666
479 520
479 691
480 519
480 785
480 537
480 571
480 572
480 573
480 576
480 587
480 676
480 490
480 759
481 515
481 776
481 680
481 687
481 703
481 723
481 724
481 632
481 764
483 535
483 684
483 564
483 633
483 511
483 604
484 771
484 662
484 774
484 777
484 532
484 667
484 730
484 544
484 549
484 678
484 498
484 697
484 574
484 578
484 590
484 721
484 724
484 569
484 592
484 740
484 486
484 489
484 493
484 623
484 626
484 627
484 759
484 504
484 507
485 633
486 650
486 532
486 745
486 592
486 667
487 645
487 520
487 777
487 783
487 534
487 538
487 541
487 543
487 547
487 682
487 690
487 703
487 593
487 608
487 490
487 758
487 764
488 788
488 669
488 544
488 571
488 702
488 585
488 740
488 699
488 617
488 618
488 750
488 751
488 754
488 501
488 634
488 767
489 544
489 678
489 570
489 637
489 574
489 583
489 724
489 730
489 623
489 759
489 761
489 765
490 641
490 523
490 532
490 593
490 687
490 574
490 608
490 592
490 613
490 625
491 771
491 515
491 533
491 534
491 774
491 692
491 606
492 587
492 683
492 514
492 525
492 720
492 771
492 663
493 555
493 522
493 654
493 788
493 557
493 582
493 592
493 761
493 609
493 625
493 504
493 703
493 765
494 663
494 537
494 677
494 551
494 696
494 738
494 767
494 629
494 760
495 676
495 561
495 694
495 573
495 721
495 726
495 600
495 591
495 499
495 631
496 720
496 738
496 779
496 743
496 587
496 527
496 759
496 660
497 611
497 776
497 620
497 651
497 541
497 676
497 678
497 563
497 564
497 704
497 577
497 585
497 726
497 604
497 518
497 756
497 502
498 771
498 516
498 733
498 653
498 535
498 538
498 625
498 626
498 688
498 520
498 562
498 697
498 581
498 711
498 616
498 770
498 608
498 610
498 754
498 627
498 507
499 539
499 579
499 743
499 712
499 559
499 527
499 639
500 577
500 520
500 659
500 517
500 569
500 587
500 709
500 721
500 611
500 604
500 614
500 743
500 634
501 770
501 653
501 546
501 688
501 563
501 564
501 567
501 710
501 725
501 604
501 553
501 634
502 769
502 770
502 530
502 533
502 662
502 675
502 683
502 563
502 704
502 577
502 596
502 729
502 606
502 735
502 738
502 611
502 751
502 758
503 644
503 778
503 653
503 785
503 541
503 725
503 732
503 638
503 636
504 523
504 780
504 529
504 658
504 532
504 667
504 668
504 645
504 549
504 555
504 557
504 687
504 692
504 708
504 582
504 718
504 721
504 730
504 607
504 609
504 741
504 574
504 583
504 701
504 690
504 632
506 652
506 582
506 584
506 773
506 658
506 530
507 644
507 777
507 655
507 538
507 671
507 672
507 684
507 626
507 691
507 670
507 697
507 586
507 740
508 528
508 535
508 665
508 669
508 562
508 694
508 702
508 616
508 626
508 596
508 637
509 613
509 593
509 616
509 590
509 592
509 584
509 750
510 517
510 520
510 525
510 782
510 528
510 787
510 672
510 556
510 691
510 614
510 619
510 626
511 742
511 587
511 716
511 531
511 696
511 757
511 728
511 759
512 536
512 537
512 666
512 549
512 721
512 594
512 725
512 571
512 742
512 757
512 758
512 639
513 577
513 650
513 526
513 783
513 554
513 557
513 690
513 709
513 617
513 618
514 644
514 777
514 525
514 670
514 586
514 588
514 717
514 627
514 638
515 729
515 747
515 554
515 687
515 520
515 625
515 774
515 724
515 762
515 703
515 597
516 653
516 661
516 788
516 562
516 688
516 711
516 735
516 608
516 754
516 789
517 640
517 651
517 530
517 669
517 546
517 675
517 552
517 754
517 561
517 692
517 695
517 709
517 594
517 598
517 611
517 614
517 626
517 553
517 725
518 704
518 776
518 651
518 541
518 562
518 563
518 564
518 607
518 620
518 522
518 611
518 726
518 614
519 785
519 651
519 717
519 676
519 629
519 571
520 669
520 770
520 525
520 782
520 554
520 533
520 663
520 538
520 547
520 763
520 682
520 541
520 561
520 562
520 581
520 610
520 625
520 746
520 788
522 773
522 654
522 675
522 555
522 607
522 609
522 610
522 620
522 761
522 765
523 529
523 532
523 692
523 585
523 574
523 708
523 593
523 625
523 570
523 607
523 608
523 592
523 747
523 724
524 622
525 683
525 672
525 582
525 633
525 732
526 609
526 773
527 785
527 660
527 677
527 559
527 579
527 631
527 718
527 600
527 720
527 738
527 743
527 749
527 573
527 759
527 639
528 637
528 616
528 562
528 787
528 788
528 639
529 642
529 648
529 783
529 668
529 543
529 570
529 708
529 607
529 762
530 788
530 533
530 669
530 561
530 704
530 594
530 596
530 735
530 740
531 576
531 587
531 579
531 742
531 700
531 536
531 572
531 682
532 650
532 685
532 687
532 708
532 722
532 761
532 592
532 625
532 724
533 788
533 704
533 590
533 740
533 746
534 541
534 682
534 689
534 690
534 701
534 590
534 547
534 741
534 618
535 661
535 593
535 728
535 758
536 772
536 660
536 666
536 551
536 716
536 732
536 742
536 749
536 624
536 579
536 757
536 760
537 778
537 779
537 666
537 677
537 551
537 629
537 631
537 734
537 738
537 757
537 767
538 770
538 771
538 777
538 663
538 782
538 625
538 554
538 626
538 697
538 703
538 597
538 783
538 741
538 608
538 627
538 632
539 559
539 712
539 734
539 743
539 631
539 660
541 611
541 644
541 563
541 564
541 547
541 726
541 619
541 682
542 655
542 568
543 642
543 645
543 774
543 650
543 687
543 583
543 783
543 607
543 745
543 618
544 640
544 638
544 662
544 602
544 678
544 679
544 697
544 702
544 578
544 759
544 724
544 740
544 730
544 733
544 750
544 623
544 574
544 745
546 611
546 577
546 688
546 709
546 567
546 769
547 772
547 646
547 682
547 700
547 725
547 617
547 619
547 749
547 758
547 660
549 650
549 789
549 667
549 668
549 774
549 708
549 569
549 721
549 594
549 609
549 610
549 741
549 620
549 635
549 765
551 778
551 631
551 666
551 677
551 573
551 757
551 715
551 716
551 734
551 738
551 779
551 579
551 629
551 760
551 767
552 651
552 653
552 664
552 789
552 692
552 725
552 598
552 606
552 736
552 611
552 661
553 770
553 653
553 782
553 670
553 679
553 688
553 692
553 567
553 570
553 715
553 709
553 713
553 725
553 678
554 770
554 782
554 784
554 771
554 663
554 671
554 775
554 568
554 708
554 581
554 588
554 589
554 642
554 625
554 766
555 769
555 654
555 655
555 701
555 737
555 610
555 761
556 589
556 617
557 645
557 780
557 690
557 701
557 652
557 730
557 608
557 618
557 625
558 785
558 686
558 676
559 738
559 712
559 579
559 759
559 573
560 785
560 676
560 577
560 720
560 735
560 614
561 669
561 694
561 721
561 594
561 598
561 763
562 788
562 688
562 704
562 711
562 608
562 615
562 616
563 640
563 662
563 564
563 726
563 611
563 756
564 684
564 660
564 646
564 567
564 726
564 612
564 633
565 713
565 589
565 761
567 646
567 665
567 688
567 695
567 700
567 577
567 594
567 725
567 756
568 771
568 671
568 679
568 713
568 655
568 617
568 766
569 583
569 590
569 708
570 782
570 708
570 670
570 713
570 761
571 666
571 669
571 576
571 577
571 717
571 735
571 617
571 754
572 633
572 775
573 686
573 694
573 587
573 716
573 721
573 600
574 648
574 662
574 678
574 625
574 730
574 692
574 737
574 653
574 724
574 607
574 592
574 747
574 722
574 623
574 759
576 587
576 716
576 682
576 753
576 617
576 689
576 607
577 769
577 776
577 770
577 662
577 683
577 709
577 612
577 611
577 630
577 735
577 738
578 638
579 778
579 779
579 601
579 665
579 696
579 759
579 716
579 738
579 742
579 743
579 757
580 618
581 770
581 671
581 713
581 717
581 621
581 625
581 682
582 652
582 687
582 692
582 658
582 583
582 592
582 724
582 741
582 633
583 645
583 650
583 597
583 658
583 668
583 687
583 584
583 692
583 698
583 701
583 632
583 761
583 737
583 741
583 724
583 745
583 765
584 641
584 773
584 692
584 701
584 590
584 593
584 658
585 772
585 669
585 708
585 593
585 606
585 608
585 614
585 746
585 751
585 754
585 756
585 767
586 627
586 644
586 777
586 655
587 686
587 696
587 716
587 600
587 636
588 784
588 717
589 684
589 671
589 672
589 675
589 736
589 621
589 636
590 657
590 668
590 773
590 613
590 689
590 592
590 593
590 598
590 699
590 741
590 625
592 650
592 625
592 689
592 708
592 722
592 724
593 625
593 731
593 608
593 609
593 613
593 764
594 610
594 789
594 620
594 609
594 756
594 640
595 713
595 671
596 608
596 702
596 616
596 733
596 788
596 754
596 789
597 668
597 783
597 735
597 741
597 632
597 724
597 703
597 765
598 611
598 675
598 770
600 771
600 660
600 694
600 720
600 721
600 743
601 742
601 716
601 757
601 696
602 697
602 715
602 684
602 638
602 633
603 633
603 634
604 789
604 709
604 721
604 614
604 743
604 634
606 770
606 771
606 662
607 668
607 687
607 689
607 692
607 618
607 620
608 777
608 653
608 788
608 750
608 688
608 711
608 733
608 625
608 618
609 641
609 773
609 780
609 789
609 632
609 620
609 764
609 765
610 620
610 789
611 675
611 756
611 769
611 651
611 709
611 751
612 646
612 719
612 630
613 641
613 741
614 659
614 709
614 718
614 721
614 743
614 694
614 626
615 692
615 730
615 698
616 771
616 754
616 735
616 750
616 627
616 626
617 771
617 660
617 671
617 682
617 691
617 749
617 766
618 642
618 650
618 788
618 678
618 687
618 699
618 745
618 620
618 625
618 764
619 646
619 651
619 664
619 725
619 750
620 788
620 789
620 678
620 704
620 764
621 713
621 671
622 681
623 678
623 737
623 759
623 722
623 730
623 724
623 662
624 666
625 770
625 777
625 782
625 663
625 689
626 640
626 771
626 763
626 657
626 711
626 777
626 697
626 699
626 702
626 704
626 709
626 740
626 637
627 771
627 777
627 633
627 661
628 744
629 785
629 663
629 694
629 738
629 772
629 758
629 631
630 770
630 683
630 652
630 679
630 682
630 713
630 717
630 655
630 633
631 660
631 718
631 719
631 738
631 720
632 645
632 680
632 687
632 690
632 701
632 703
632 708
632 730
632 741
632 783
632 749
633 644
633 656
633 682
633 684
633 746
634 776
634 709
634 743
635 652
635 765
635 767
636 653
636 750
636 685
636 778
636 766
636 672
636 725
637 750
637 688
637 695
637 702
638 708
638 695
639 772
639 712
639 718
639 719
639 742
639 767
640 669
640 702
640 709
640 740
640 745
640 763
641 773
641 774
641 648
641 658
641 685
641 762
642 652
642 654
642 685
642 687
642 692
642 671
642 708
642 783
644 775
644 672
644 670
644 655
644 763
645 708
645 687
646 700
648 780
648 723
648 761
648 730
648 667
649 755
650 783
650 667
650 668
650 680
650 685
650 687
650 690
650 761
650 737
650 745
650 789
651 704
651 785
651 776
651 717
652 773
652 774
652 654
652 658
653 770
653 688
653 692
653 725
654 776
654 788
654 685
654 761
654 762
655 775
655 777
655 679
655 713
655 784
657 774
657 709
657 712
657 763
658 773
658 774
658 668
658 687
658 698
659 784
659 672
659 710
659 697
659 709
659 732
660 772
660 694
660 720
660 743
660 749
661 736
661 664
662 770
662 678
662 758
662 724
662 737
662 738
662 722
662 759
663 770
663 782
663 720
663 767
664 736
664 777
664 750
665 669
665 778
666 779
666 772
666 709
666 715
666 734
666 677
666 757
666 767
667 780
667 789
667 668
667 723
668 789
668 687
668 692
668 704
668 761
669 772
669 708
669 695
669 746
669 754
669 763
669 767
670 775
670 782
670 671
670 684
670 713
670 728
671 771
671 684
671 713
671 732
671 736
671 766
671 753
672 784
672 786
672 719
672 675
672 732
675 769
675 702
675 729
675 751
675 756
676 726
676 785
677 778
677 779
677 785
677 715
677 734
677 757
677 767
678 688
678 679
678 715
678 724
678 730
678 737
678 702
678 764
679 772
679 715
679 743
680 764
680 783
680 734
680 703
682 782
682 746
682 758
683 775
683 758
683 738
683 745
683 749
684 736
684 715
684 732
685 774
685 730
685 747
685 761
685 762
686 716
686 785
687 708
687 724
687 741
687 745
687 762
687 737
688 770
688 711
688 725
688 754
689 780
689 724
689 741
690 783
690 701
692 747
692 725
692 731
692 754
692 761
694 721
695 745
695 729
695 747
695 750
695 756
696 778
696 785
696 716
696 753
697 777
697 740
697 733
697 749
697 771
698 733
698 702
699 704
699 711
699 751
699 788
700 732
702 769
702 740
702 745
702 750
702 751
702 789
703 723
703 724
703 741
703 783
703 764
703 765
704 711
704 735
708 772
708 741
708 746
708 767
709 743
709 721
709 744
709 763
711 745
711 754
712 772
712 748
712 749
712 767
713 782
716 779
716 742
716 757
717 785
718 730
719 738
720 743
720 785
720 745
721 725
721 743
721 758
722 724
722 765
723 737
723 780
723 724
724 730
724 737
724 759
724 765
725 778
725 770
725 731
725 754
725 758
726 772
726 756
729 747
729 751
730 780
730 759
732 777
732 784
733 788
737 761
737 745
737 759
738 759
740 771
740 789
740 745
740 751
741 783
742 779
742 757
743 772
745 749
746 772
746 767
747 762
748 772
749 785
751 769
751 789
751 756
754 772
756 769
757 779
757 767
758 770
762 788
762 765
764 788
764 765
767 772
770 782
771 782
773 774
776 783
779 785
